-1.35512 1.41221 4.93978 5.96213 5.87985 0.934833 
-1.37695 1.40804 4.94314 5.95986 5.86396 0.939665 
-1.39878 1.40387 4.9465 5.95759 5.84807 0.944497 
-1.42061 1.3997 4.94985 5.95532 5.83218 0.949329 
-1.44244 1.39553 4.95321 5.95305 5.81629 0.954161 
-1.46427 1.39136 4.95657 5.95079 5.8004 0.958992 
-1.4861 1.38719 4.95992 5.94852 5.78451 0.963824 
-1.50792 1.38302 4.96328 5.94625 5.76862 0.968656 
-1.52975 1.37885 4.96664 5.94398 5.75273 0.973488 
-1.55158 1.37468 4.97 5.94171 5.73684 0.97832 
-1.57341 1.37051 4.97335 5.93944 5.72095 0.983152 
-1.59524 1.36634 4.97671 5.93718 5.70506 0.987983 
-1.61707 1.36217 4.98007 5.93491 5.68917 0.992815 
-1.6389 1.358 4.98342 5.93264 5.67328 0.997647 
-1.66073 1.35383 4.98678 5.93037 5.6574 1.00248 
-1.68256 1.34966 4.99014 5.9281 5.64151 1.00731 
-1.70439 1.34549 4.99349 5.92583 5.62562 1.01214 
-1.72622 1.34132 4.99685 5.92357 5.60973 1.01697 
-1.74805 1.33715 5.00021 5.9213 5.59384 1.02181 
-1.76988 1.33298 5.00356 5.91903 5.57795 1.02664 
-1.7917 1.32881 5.00692 5.91676 5.56206 1.03147 
-1.81353 1.32464 5.01028 5.91449 5.54617 1.0363 
-1.83536 1.32047 5.01364 5.91222 5.53028 1.04113 
-1.85719 1.3163 5.01699 5.90996 5.51439 1.04597 
-1.87902 1.31213 5.02035 5.90769 5.4985 1.0508 
-1.90085 1.30796 5.02371 5.90542 5.48261 1.05563 
-1.92268 1.30379 5.02706 5.90315 5.46672 1.06046 
-1.94451 1.29962 5.03042 5.90088 5.45083 1.06529 
-1.96634 1.29545 5.03378 5.89861 5.43494 1.07012 
-1.98817 1.29128 5.03713 5.89635 5.41905 1.07496 
-2.01 1.28711 5.04049 5.89408 5.40316 1.07979 
-2.03183 1.28294 5.04385 5.89181 5.38728 1.08462 
-2.05365 1.27877 5.0472 5.88954 5.37139 1.08945 
-2.07548 1.2746 5.05056 5.88727 5.3555 1.09428 
-2.09731 1.27043 5.05392 5.885 5.33961 1.09912 
-2.11914 1.26626 5.05728 5.88274 5.32372 1.10395 
-2.14097 1.26208 5.06063 5.88047 5.30783 1.10878 
-2.1628 1.25791 5.06399 5.8782 5.29194 1.11361 
-2.18463 1.25374 5.06735 5.87593 5.27605 1.11844 
-2.20646 1.24957 5.0707 5.87366 5.26016 1.12327 
-2.22829 1.2454 5.07406 5.87139 5.24427 1.12811 
-2.25012 1.24123 5.07742 5.86913 5.22838 1.13294 
-2.27195 1.23706 5.08077 5.86686 5.21249 1.13777 
-2.29378 1.23289 5.08413 5.86459 5.1966 1.1426 
-2.31561 1.22872 5.08749 5.86232 5.18071 1.14743 
-2.33743 1.22455 5.09084 5.86005 5.16482 1.15227 
-2.35926 1.22038 5.0942 5.85778 5.14893 1.1571 
-2.38109 1.21621 5.09756 5.85551 5.13304 1.16193 
-2.40292 1.21204 5.10092 5.85325 5.11716 1.16676 
-2.42475 1.20787 5.10427 5.85098 5.10127 1.17159 
-2.44658 1.2037 5.10763 5.84871 5.08538 1.17642 
-2.46841 1.19953 5.11099 5.84644 5.06949 1.18126 
-2.49024 1.19536 5.11434 5.84417 5.0536 1.18609 
-2.51207 1.19119 5.1177 5.8419 5.03771 1.19092 
-2.5339 1.18702 5.12106 5.83964 5.02182 1.19575 
-2.55573 1.18285 5.12441 5.83737 5.00593 1.20058 
-2.57756 1.17868 5.12777 5.8351 4.99004 1.20542 
-2.59938 1.17451 5.13113 5.83283 4.97415 1.21025 
-2.62121 1.17034 5.13448 5.83056 4.95826 1.21508 
-2.64304 1.16617 5.13784 5.82829 4.94237 1.21991 
-2.66487 1.162 5.1412 5.82603 4.92648 1.22474 
-2.6867 1.15783 5.14456 5.82376 4.91059 1.22957 
-2.70853 1.15366 5.14791 5.82149 4.8947 1.23441 
-2.73036 1.14949 5.15127 5.81922 4.87881 1.23924 
-2.75219 1.14532 5.15463 5.81695 4.86292 1.24407 
-2.77402 1.14115 5.15798 5.81468 4.84704 1.2489 
-2.79585 1.13698 5.16134 5.81242 4.83115 1.25373 
-2.81768 1.13281 5.1647 5.81015 4.81526 1.25857 
-2.83951 1.12864 5.16805 5.80788 4.79937 1.2634 
-2.86134 1.12447 5.17141 5.80561 4.78348 1.26823 
-2.88316 1.1203 5.17477 5.80334 4.76759 1.27306 
-2.90499 1.11613 5.17812 5.80107 4.7517 1.27789 
-2.92682 1.11196 5.18148 5.79881 4.73581 1.28272 
-2.94865 1.10779 5.18484 5.79654 4.71992 1.28756 
-2.97048 1.10362 5.1882 5.79427 4.70403 1.29239 
-2.99231 1.09945 5.19155 5.792 4.68814 1.29722 
-3.01414 1.09528 5.19491 5.78973 4.67225 1.30205 
-3.03597 1.09111 5.19827 5.78746 4.65636 1.30688 
-3.0578 1.08694 5.20162 5.7852 4.64047 1.31172 
-3.07963 1.08276 5.20498 5.78293 4.62458 1.31655 
-3.10146 1.07859 5.20834 5.78066 4.60869 1.32138 
-3.12329 1.07442 5.21169 5.77839 4.5928 1.32621 
-3.14511 1.07025 5.21505 5.77612 4.57692 1.33104 
-3.16694 1.06608 5.21841 5.77385 4.56103 1.33587 
-3.18877 1.06191 5.22176 5.77158 4.54514 1.34071 
-3.2106 1.05774 5.22512 5.76932 4.52925 1.34554 
-3.23243 1.05357 5.22848 5.76705 4.51336 1.35037 
-3.25426 1.0494 5.23184 5.76478 4.49747 1.3552 
-3.27609 1.04523 5.23519 5.76251 4.48158 1.36003 
-3.29792 1.04106 5.23855 5.76024 4.46569 1.36487 
-3.31975 1.03689 5.24191 5.75797 4.4498 1.3697 
-3.34158 1.03272 5.24526 5.75571 4.43391 1.37453 
-3.36341 1.02855 5.24862 5.75344 4.41802 1.37936 
-3.38524 1.02438 5.25198 5.75117 4.40213 1.38419 
-3.40707 1.02021 5.25533 5.7489 4.38624 1.38902 
-3.42889 1.01604 5.25869 5.74663 4.37035 1.39386 
-3.45072 1.01187 5.26205 5.74436 4.35446 1.39869 
-3.47255 1.0077 5.2654 5.7421 4.33857 1.40352 
-3.49438 1.00353 5.26876 5.73983 4.32268 1.40835 
-3.51621 0.99936 5.27212 5.73756 4.3068 1.41318 
-3.53804 0.99519 5.27548 5.73529 4.29091 1.41802 
-3.55987 0.99102 5.27883 5.73302 4.27502 1.42285 
-3.5817 0.98685 5.28219 5.73075 4.25913 1.42768 
-3.60353 0.982679 5.28555 5.72849 4.24324 1.43251 
-3.62536 0.978509 5.2889 5.72622 4.22735 1.43734 
-3.64719 0.974339 5.29226 5.72395 4.21146 1.44217 
-3.66902 0.970169 5.29562 5.72168 4.19557 1.44701 
-3.69085 0.965998 5.29897 5.71941 4.17968 1.45184 
-3.71267 0.961828 5.30233 5.71714 4.16379 1.45667 
-3.7345 0.957658 5.30569 5.71488 4.1479 1.4615 
-3.75633 0.953488 5.30904 5.71261 4.13201 1.46633 
-3.77816 0.949317 5.3124 5.71034 4.11612 1.47117 
-3.79999 0.945147 5.31576 5.70807 4.10023 1.476 
-3.82182 0.940977 5.31912 5.7058 4.08434 1.48083 
-3.84365 0.936807 5.32247 5.70353 4.06845 1.48566 
-3.86548 0.932636 5.32583 5.70127 4.05256 1.49049 
-3.88731 0.928466 5.32919 5.699 4.03668 1.49532 
-3.90914 0.924296 5.33254 5.69673 4.02079 1.50016 
-3.93097 0.920126 5.3359 5.69446 4.0049 1.50499 
-3.9528 0.915956 5.33926 5.69219 3.98901 1.50982 
-3.97462 0.911785 5.34261 5.68992 3.97312 1.51465 
-3.99645 0.907615 5.34597 5.68766 3.95723 1.51948 
-4.01828 0.903445 5.34933 5.68539 3.94134 1.52432 
-4.04011 0.899275 5.35268 5.68312 3.92545 1.52915 
-4.06194 0.895104 5.35604 5.68085 3.90956 1.53398 
-4.08377 0.890934 5.3594 5.67858 3.89367 1.53881 
-4.1056 0.886764 5.36276 5.67631 3.87778 1.54364 
-4.12743 0.882594 5.36611 5.67404 3.86189 1.54847 
-4.14926 0.878423 5.36947 5.67178 3.846 1.55331 
