26
1.13317 -4.08401 2.74606 6.78602 11.6337 -5.10359 -0.20944 0.122173 0.174533 1.309 0.261799 0.698132 -0.106584 1.06335 0.282882 -0.115211 -1.95829 -1.35962 
1.02891 -4.0158 2.93854 6.66084 11.5424 -4.75165 -0.183521 0.136421 0.180907 1.30152 0.26474 0.708868 -0.0999226 1.056 0.292407 -0.111844 -1.91755 -1.34738 
0.787297 -4.11481 2.92958 6.80451 11.2202 -4.79589 -0.183883 0.162331 0.172449 1.3249 0.280101 0.729303 -0.0931071 1.03267 0.275486 -0.0925988 -1.88408 -1.31541 
0.583787 -4.13025 3.14826 6.49718 11.1501 -4.94235 -0.180618 0.186573 0.167668 1.34719 0.306707 0.768141 -0.0795994 1.02727 0.268688 -0.0550788 -1.87253 -1.2928 
0.568014 -4.09432 3.03897 6.09773 11.2063 -4.80239 -0.207274 0.203141 0.158382 1.34782 0.27907 0.755382 -0.0401461 1.02506 0.262383 -0.0556784 -1.81741 -1.26624 
0.620443 -3.98285 3.03515 6.0028 11.017 -4.6099 -0.157558 0.198231 0.156073 1.27327 0.222323 0.6883 -0.0167338 1.02892 0.256213 -0.0733656 -1.76441 -1.14196 
0.39319 -3.91224 3.13463 5.76545 10.8855 -4.34466 -0.15368 0.260538 0.135761 1.27924 0.203208 0.717861 0.0105635 1.03132 0.233311 -0.0879111 -1.70612 -1.11165 
0.173079 -3.81771 3.24985 5.67966 10.9333 -4.00727 -0.1455 0.308846 0.12429 1.28468 0.187813 0.73817 0.0343636 1.0216 0.218363 -0.108369 -1.64497 -1.07664 
0.247243 -3.70879 3.23649 5.59487 10.7397 -3.83306 -0.102406 0.296424 0.128769 1.20659 0.122326 0.668956 0.0628051 1.01407 0.207061 -0.134947 -1.60721 -0.947103 
0.432426 -3.51903 3.34532 5.42473 10.4723 -3.63896 -0.089798 0.29524 0.123534 1.17157 0.0972451 0.650973 0.0916693 1.01715 0.214719 -0.157312 -1.59037 -0.978953 
0.445459 -3.7273 3.3519 5.05303 10.4567 -3.53524 -0.0723712 0.265946 0.134709 1.16776 0.133094 0.640858 0.0569903 1.00277 0.235403 -0.147072 -1.60695 -0.944234 
0.761916 -3.82878 3.25889 4.83793 10.4899 -3.38697 -0.0550495 0.205187 0.151842 1.12212 0.154069 0.609441 0.0282074 1.00531 0.278382 -0.154501 -1.65236 -0.957591 
0.901634 -3.75828 3.06006 4.6313 10.2933 -3.13361 -0.0717532 0.210132 0.127839 1.10854 0.11797 0.613065 0.043999 1.00491 0.271444 -0.208495 -1.61174 -0.971066 
1.07716 -3.69775 3.2409 4.42338 10.0739 -2.88476 -0.0460169 0.178769 0.156568 1.08175 0.130714 0.602497 0.0438955 1.00853 0.296412 -0.211946 -1.62915 -1.02311 
1.34975 -3.85803 3.26442 4.1366 10.1236 -2.89238 -0.0110378 0.0780255 0.210655 1.02657 0.174021 0.579856 0.00633068 0.991631 0.351204 -0.176579 -1.67497 -1.02428 
1.2875 -4.09457 3.51116 3.89062 10.1841 -2.9384 0.0310836 0.0584728 0.230841 1.01523 0.258596 0.585174 -0.0529943 0.994106 0.358617 -0.129767 -1.69936 -1.00214 
1.25822 -3.9501 3.6987 3.76447 9.87555 -2.73714 0.0393584 0.0716322 0.245866 1.00206 0.247284 0.582075 -0.0266886 0.992142 0.350673 -0.153384 -1.66809 -1.01325 
1.21529 -3.94434 3.58027 3.39393 9.75444 -2.64469 0.00634745 0.0675564 0.229607 0.999222 0.229354 0.604792 0.0198916 0.969717 0.328424 -0.149317 -1.6044 -0.98214 
1.1748 -3.92216 3.34416 3.25957 9.71435 -2.36212 -0.00175847 0.110408 0.196383 1.04235 0.163472 0.582336 0.0287961 0.977465 0.310907 -0.215438 -1.57979 -0.941093 
1.28747 -4.05851 3.02442 3.19632 9.48659 -2.38314 -0.0159378 0.0910465 0.175016 1.02087 0.170043 0.551393 0.0327858 0.975431 0.31059 -0.213324 -1.59101 -0.89719 
1.35567 -4.20235 3.19374 3.00533 9.13864 -2.31401 0.03569 0.0617636 0.213326 1.00811 0.200435 0.524607 -0 0.974635 0.333447 -0.183911 -1.61356 -0.913829 
1.53908 -4.31196 3.21576 2.88116 8.80729 -2.42483 0.0721072 0.00772417 0.237113 0.972436 0.247042 0.48704 -0.0342967 0.951865 0.375445 -0.181088 -1.62755 -0.909443 
1.74112 -4.25709 2.98814 2.82387 8.49101 -2.4164 0.0492132 -0.0231357 0.216969 0.972053 0.246959 0.471709 -0.0278495 0.931857 0.397978 -0.224055 -1.62826 -0.93592 
1.54516 -4.12152 3.17909 2.62538 8.25007 -2.24722 0.0457521 0.0259434 0.202576 0.988296 0.21941 0.482441 0.00972834 0.921866 0.362223 -0.262359 -1.57405 -0.898002 
1.31589 -4.09925 3.34345 2.79139 7.99102 -2.07529 0.0452091 0.0781883 0.190273 0.992747 0.217388 0.478687 0.0361798 0.912976 0.319855 -0.253101 -1.53804 -0.877572 
1.10777 -4.12393 3.4081 2.50095 7.76594 -1.96689 0.0375981 0.12337 0.160724 1.02118 0.209785 0.482081 0.0526439 0.902172 0.27584 -0.264647 -1.49011 -0.830408 
