129
0.525317 1.3922 -1.6051 -1.92442 0.0501241 -0.205959 -0.974781 0.530116 -0.756288 1.49681 1.67831 0.826837 
0.521667 1.37721 -1.59224 -1.92306 0.0462654 -0.189962 -0.976154 0.517306 -0.754072 1.49662 1.67957 0.828046 
0.517968 1.36223 -1.57938 -1.92169 0.0423686 -0.173961 -0.977447 0.504556 -0.751853 1.49649 1.68074 0.829213 
0.514218 1.34726 -1.56652 -1.92032 0.0384333 -0.157953 -0.97866 0.49187 -0.749628 1.49642 1.68183 0.830341 
0.510419 1.33231 -1.55365 -1.91894 0.0344581 -0.14194 -0.979793 0.479252 -0.747396 1.49641 1.68282 0.831427 
0.506571 1.31736 -1.54077 -1.91756 0.0304415 -0.125923 -0.980846 0.466704 -0.745155 1.49645 1.68372 0.832471 
0.502674 1.30243 -1.52789 -1.91618 0.026382 -0.109905 -0.981817 0.454231 -0.742904 1.49654 1.68453 0.833471 
0.498729 1.28751 -1.51501 -1.9148 0.0222782 -0.0938861 -0.982705 0.441834 -0.740641 1.49668 1.68525 0.834427 
0.494734 1.2726 -1.50213 -1.91343 0.0181286 -0.0778687 -0.98351 0.429519 -0.738365 1.49687 1.68587 0.835337 
0.490692 1.2577 -1.48924 -1.91206 0.0139321 -0.0618536 -0.984229 0.417286 -0.736077 1.49711 1.68639 0.836201 
0.486601 1.24282 -1.47635 -1.91069 0.00968676 -0.0458433 -0.984864 0.405141 -0.733773 1.49739 1.68682 0.837016 
0.482464 1.22795 -1.46346 -1.90933 0.00539106 -0.0298396 -0.985412 0.393087 -0.731452 1.49771 1.68714 0.837782 
0.478279 1.21309 -1.45056 -1.90798 0.00104352 -0.0138443 -0.985872 0.381126 -0.729111 1.49808 1.68737 0.838496 
0.474047 1.19825 -1.43767 -1.90664 -0.00335731 0.00214088 -0.986245 0.369264 -0.726751 1.49848 1.68749 0.839159 
0.469769 1.18343 -1.42477 -1.90531 -0.00781293 0.0181139 -0.986528 0.357502 -0.724369 1.49892 1.68752 0.839767 
0.465446 1.16862 -1.41188 -1.904 -0.0123248 0.0340728 -0.986721 0.345844 -0.721963 1.4994 1.68744 0.840321 
0.461078 1.15382 -1.39899 -1.9027 -0.0168943 0.0500157 -0.986823 0.334295 -0.719532 1.49991 1.68726 0.840819 
0.456664 1.13903 -1.38609 -1.9014 -0.0215198 0.0659492 -0.986822 0.322856 -0.717091 1.50044 1.68696 0.84126 
0.452207 1.12425 -1.37319 -1.90013 -0.0262059 0.0818624 -0.986727 0.311532 -0.714621 1.501 1.68656 0.841642 
0.447707 1.1095 -1.3603 -1.89888 -0.0309539 0.0977533 -0.986538 0.300328 -0.712121 1.50159 1.68606 0.841963 
0.443164 1.09476 -1.34741 -1.89765 -0.0357651 0.11362 -0.986253 0.289246 -0.70959 1.50221 1.68545 0.842222 
0.438581 1.08005 -1.33453 -1.89644 -0.0406405 0.12946 -0.985873 0.27829 -0.707025 1.50286 1.68473 0.842418 
0.433957 1.06535 -1.32167 -1.89526 -0.0455813 0.145271 -0.985395 0.267463 -0.704426 1.50352 1.68391 0.842549 
0.429294 1.05068 -1.30881 -1.89411 -0.0505885 0.161052 -0.98482 0.256769 -0.70179 1.50421 1.68298 0.842614 
0.424592 1.03604 -1.29597 -1.89299 -0.055663 0.176799 -0.984147 0.246212 -0.699115 1.50493 1.68194 0.842611 
0.419853 1.02142 -1.28314 -1.8919 -0.0608051 0.192513 -0.983373 0.235794 -0.696404 1.50566 1.68079 0.84254 
0.415079 1.00682 -1.27033 -1.89084 -0.0660161 0.208189 -0.9825 0.225519 -0.69365 1.50641 1.67953 0.842398 
0.410269 0.992248 -1.25753 -1.88981 -0.0712964 0.223826 -0.981526 0.21539 -0.690854 1.50717 1.67816 0.842185 
0.405425 0.977707 -1.24476 -1.88882 -0.0766467 0.239421 -0.980453 0.20541 -0.688013 1.50796 1.67668 0.841899 
0.400549 0.963195 -1.23201 -1.88787 -0.0820671 0.254972 -0.979278 0.195582 -0.685127 1.50876 1.6751 0.841539 
0.395642 0.948714 -1.21929 -1.88695 -0.0875579 0.270477 -0.978003 0.185909 -0.682193 1.50958 1.6734 0.841105 
0.390705 0.934265 -1.2066 -1.88608 -0.0931192 0.285935 -0.976627 0.176393 -0.679209 1.51041 1.6716 0.840594 
0.38574 0.919849 -1.19393 -1.88524 -0.0987509 0.301341 -0.97515 0.167037 -0.676176 1.51125 1.66969 0.840006 
0.380741 0.905316 -1.18115 -1.88441 -0.10444 0.316766 -0.973469 0.157882 -0.673223 1.51204 1.6676 0.839326 
0.375717 0.890821 -1.16841 -1.88361 -0.110202 0.332135 -0.971685 0.148896 -0.670216 1.51283 1.66541 0.838566 
0.370669 0.876363 -1.15571 -1.88287 -0.116034 0.347446 -0.969798 0.14008 -0.667154 1.51364 1.66311 0.837723 
0.365598 0.861943 -1.14305 -1.88217 -0.121937 0.362697 -0.967809 0.131436 -0.664035 1.51446 1.66069 0.836798 
0.360505 0.847564 -1.13043 -1.88152 -0.127909 0.377887 -0.965717 0.122967 -0.660859 1.5153 1.65817 0.83579 
0.355393 0.833225 -1.11785 -1.88092 -0.133949 0.393013 -0.963525 0.114674 -0.657624 1.51614 1.65555 0.834697 
0.350262 0.818928 -1.10533 -1.88036 -0.140056 0.408075 -0.961232 0.106558 -0.65433 1.51699 1.65281 0.83352 
0.345115 0.804673 -1.09285 -1.87986 -0.146229 0.42307 -0.95884 0.0986203 -0.650976 1.51785 1.64997 0.832258 
0.339952 0.790461 -1.08043 -1.87941 -0.152466 0.437998 -0.956347 0.090863 -0.647563 1.51872 1.64703 0.830909 
0.334775 0.776293 -1.06806 -1.879 -0.158764 0.452856 -0.953757 0.0832859 -0.644089 1.5196 1.64397 0.829475 
0.329586 0.76217 -1.05575 -1.87865 -0.165124 0.467644 -0.951071 0.0758895 -0.640553 1.52049 1.64082 0.827954 
0.324385 0.748094 -1.04349 -1.87835 -0.171542 0.48236 -0.94829 0.0686742 -0.636955 1.52139 1.63756 0.826346 
0.319174 0.734065 -1.03131 -1.8781 -0.178016 0.497002 -0.945415 0.0616403 -0.633295 1.52231 1.6342 0.824652 
0.313955 0.720083 -1.01918 -1.87789 -0.184545 0.511571 -0.942449 0.0547874 -0.629572 1.52323 1.63075 0.822871 
0.308728 0.70615 -1.00713 -1.87774 -0.191126 0.526065 -0.939391 0.0481155 -0.625787 1.52417 1.62719 0.821003 
0.303495 0.692265 -0.995139 -1.87764 -0.197756 0.540483 -0.936245 0.041624 -0.621939 1.52512 1.62353 0.819049 
0.298258 0.678416 -0.98321 -1.87758 -0.204427 0.554831 -0.932998 0.03532 -0.618044 1.52606 1.61976 0.817005 
0.293018 0.664617 -0.971354 -1.87757 -0.211143 0.569102 -0.929664 0.0291952 -0.614087 1.52703 1.6159 0.814875 
0.287774 0.650868 -0.959573 -1.8776 -0.2179 0.583295 -0.926247 0.0232485 -0.610068 1.528 1.61195 0.81266 
0.282528 0.637169 -0.947869 -1.87769 -0.224697 0.597411 -0.922747 0.0174789 -0.605988 1.52899 1.6079 0.810358 
0.27728 0.623521 -0.936243 -1.87781 -0.231529 0.611449 -0.919166 0.0118851 -0.601847 1.53 1.60375 0.807972 
0.272031 0.609922 -0.924696 -1.87799 -0.238395 0.625408 -0.915506 0.0064654 -0.597645 1.53102 1.59952 0.805501 
0.266782 0.596374 -0.91323 -1.8782 -0.245291 0.63929 -0.91177 0.00121823 -0.593385 1.53206 1.59519 0.802946 
0.261533 0.582876 -0.901847 -1.87846 -0.252215 0.653093 -0.907958 -0.00385821 -0.589065 1.53312 1.59077 0.800308 
0.256286 0.569428 -0.890545 -1.87875 -0.259163 0.666819 -0.904071 -0.00876501 -0.584689 1.53419 1.58626 0.797586 
0.251039 0.556029 -0.879328 -1.87909 -0.266132 0.680467 -0.900112 -0.013505 -0.580256 1.53528 1.58167 0.794783 
0.245794 0.54268 -0.868196 -1.87946 -0.27312 0.694038 -0.896084 -0.0180803 -0.575767 1.5364 1.57698 0.791899 
0.240551 0.529381 -0.857149 -1.87987 -0.280123 0.707533 -0.891988 -0.0224932 -0.571224 1.53753 1.57222 0.788934 
0.23531 0.516131 -0.846188 -1.88031 -0.28714 0.720951 -0.887825 -0.0267459 -0.566626 1.53869 1.56736 0.78589 
0.230071 0.50293 -0.835315 -1.88079 -0.294166 0.734293 -0.883598 -0.030841 -0.561976 1.53987 1.56242 0.782767 
0.224834 0.489777 -0.824528 -1.8813 -0.301199 0.74756 -0.879308 -0.0347808 -0.557275 1.54108 1.5574 0.779566 
0.219599 0.476672 -0.813828 -1.88183 -0.308236 0.760752 -0.874957 -0.038568 -0.552524 1.54231 1.5523 0.776288 
0.214377 0.463575 -0.8033 -1.88223 -0.315269 0.774048 -0.870495 -0.0418089 -0.548389 1.54341 1.54728 0.772944 
0.209154 0.450524 -0.792857 -1.88265 -0.322299 0.787273 -0.865977 -0.044902 -0.544205 1.54455 1.54218 0.769527 
0.203931 0.437519 -0.782501 -1.88309 -0.329325 0.800426 -0.861405 -0.04785 -0.539975 1.54571 1.537 0.766037 
0.198707 0.424559 -0.77223 -1.88356 -0.336343 0.813509 -0.856782 -0.0506556 -0.5357 1.5469 1.53174 0.762475 
0.19348 0.411644 -0.762045 -1.88405 -0.343351 0.826524 -0.852107 -0.0533217 -0.531381 1.54811 1.5264 0.758843 
0.188252 0.398773 -0.751945 -1.88456 -0.350345 0.839471 -0.847384 -0.055851 -0.527019 1.54936 1.52099 0.755142 
0.183021 0.385944 -0.74193 -1.88509 -0.357325 0.852351 -0.842613 -0.0582465 -0.522617 1.55064 1.51551 0.751373 
0.177787 0.373158 -0.731999 -1.88563 -0.364286 0.865165 -0.837796 -0.0605109 -0.518175 1.55195 1.50995 0.747536 
0.172549 0.360413 -0.722151 -1.88619 -0.371226 0.877916 -0.832935 -0.0626467 -0.513697 1.55329 1.50431 0.743634 
0.167306 0.347708 -0.712387 -1.88676 -0.378144 0.890603 -0.82803 -0.0646571 -0.509182 1.55467 1.4986 0.739666 
0.162059 0.335044 -0.702705 -1.88734 -0.385036 0.903228 -0.823084 -0.0665451 -0.504633 1.55609 1.49282 0.735634 
0.156805 0.322419 -0.693105 -1.88794 -0.391901 0.915791 -0.818097 -0.0683134 -0.500051 1.55754 1.48697 0.73154 
0.151545 0.309833 -0.683586 -1.88854 -0.398737 0.928296 -0.813071 -0.0699649 -0.495437 1.55903 1.48104 0.727383 
0.146277 0.297284 -0.674147 -1.88914 -0.40554 0.940741 -0.808008 -0.0715024 -0.490794 1.56057 1.47505 0.723166 
0.141001 0.284772 -0.664786 -1.88975 -0.41231 0.95313 -0.802909 -0.0729287 -0.486123 1.56214 1.46898 0.718889 
0.135715 0.272297 -0.655504 -1.89037 -0.419043 0.965462 -0.797774 -0.0742466 -0.481425 1.56375 1.46285 0.714553 
0.130419 0.259857 -0.646302 -1.89099 -0.425737 0.977743 -0.792604 -0.075456 -0.476709 1.56541 1.45665 0.710159 
0.125112 0.247452 -0.637176 -1.8916 -0.432391 0.989969 -0.787401 -0.0765625 -0.471971 1.56711 1.45037 0.705709 
0.119793 0.235082 -0.628126 -1.89222 -0.439002 1.00214 -0.782166 -0.0775689 -0.46721 1.56885 1.44404 0.701204 
0.11446 0.222744 -0.619149 -1.89284 -0.44557 1.01427 -0.776901 -0.0784779 -0.46243 1.57065 1.43763 0.696643 
0.109114 0.210439 -0.610246 -1.89345 -0.452091 1.02634 -0.771606 -0.079292 -0.457631 1.57249 1.43116 0.692029 
0.103753 0.198166 -0.601415 -1.89406 -0.458566 1.03836 -0.766283 -0.080014 -0.452815 1.57438 1.42462 0.687361 
0.0983752 0.185923 -0.592656 -1.89466 -0.464991 1.05034 -0.760932 -0.0806464 -0.447984 1.57632 1.41801 0.682642 
0.0929807 0.173711 -0.583966 -1.89526 -0.471364 1.06227 -0.755555 -0.081192 -0.443139 1.57832 1.41134 0.677871 
0.087568 0.16153 -0.575345 -1.89585 -0.477685 1.07416 -0.750153 -0.0816529 -0.438283 1.58037 1.40461 0.67305 
0.0821361 0.149377 -0.566793 -1.89643 -0.483952 1.086 -0.744726 -0.082032 -0.433417 1.58248 1.39781 0.66818 
0.0766841 0.137252 -0.558307 -1.897 -0.490163 1.0978 -0.739275 -0.0823317 -0.428542 1.58464 1.39095 0.663262 
0.0712109 0.125156 -0.549887 -1.89756 -0.496316 1.10955 -0.733801 -0.0825546 -0.423659 1.58686 1.38403 0.658296 
0.0657155 0.113086 -0.541531 -1.89811 -0.502411 1.12127 -0.728306 -0.0827031 -0.418772 1.58914 1.37704 0.653283 
0.0601968 0.101044 -0.533239 -1.89865 -0.508444 1.13294 -0.722789 -0.0827796 -0.41388 1.59148 1.36999 0.648224 
0.0546539 0.0890273 -0.525009 -1.89918 -0.514416 1.14458 -0.717253 -0.0827865 -0.408985 1.59388 1.36288 0.64312 
0.0490856 0.0770363 -0.51684 -1.89969 -0.520324 1.15618 -0.711697 -0.0827262 -0.40409 1.59635 1.35571 0.637972 
0.0434816 0.0650882 -0.508763 -1.90018 -0.526173 1.16776 -0.706129 -0.0825859 -0.399236 1.59887 1.3485 0.632789 
0.03785 0.0531646 -0.500745 -1.90065 -0.531956 1.17931 -0.700543 -0.0823831 -0.394384 1.60145 1.34123 0.627564 
0.03219 0.0412649 -0.492784 -1.90111 -0.537672 1.19083 -0.694941 -0.08212 -0.389536 1.6041 1.3339 0.622296 
0.0265006 0.0293888 -0.484881 -1.90155 -0.543319 1.20231 -0.689322 -0.0817987 -0.384693 1.60681 1.32651 0.616988 
0.0207807 0.0175357 -0.477033 -1.90197 -0.548896 1.21376 -0.683688 -0.0814216 -0.379857 1.6096 1.31906 0.61164 
0.0150295 0.00570526 -0.469239 -1.90237 -0.554402 1.22517 -0.678039 -0.0809909 -0.37503 1.61245 1.31156 0.606251 
0.00924601 -0.00610301 -0.461499 -1.90276 -0.559835 1.23656 -0.672376 -0.0805087 -0.370213 1.61538 1.304 0.600824 
0.00342933 -0.0178895 -0.453812 -1.90313 -0.565195 1.24791 -0.6667 -0.0799771 -0.365407 1.61838 1.29638 0.595359 
-0.00242161 -0.0296544 -0.446177 -1.90347 -0.57048 1.25924 -0.66101 -0.0793982 -0.360615 1.62146 1.28871 0.589857 
-0.00830752 -0.0413982 -0.438592 -1.9038 -0.575689 1.27054 -0.655309 -0.0787743 -0.355838 1.62461 1.28098 0.584318 
-0.0142293 -0.0531214 -0.431056 -1.90411 -0.580822 1.28181 -0.649596 -0.0781073 -0.351077 1.62784 1.2732 0.578742 
-0.0201877 -0.0648242 -0.42357 -1.90439 -0.585876 1.29305 -0.643873 -0.0773994 -0.346334 1.63114 1.26536 0.573132 
-0.0261836 -0.076507 -0.416131 -1.90466 -0.590851 1.30427 -0.638139 -0.0766525 -0.34161 1.63452 1.25748 0.567486 
-0.0322177 -0.08817 -0.408738 -1.9049 -0.595746 1.31546 -0.632395 -0.0758688 -0.336907 1.63799 1.24954 0.561807 
-0.0382909 -0.0998136 -0.401391 -1.90513 -0.60056 1.32663 -0.626642 -0.0750501 -0.332227 1.64153 1.24154 0.556094 
-0.0444038 -0.111438 -0.39409 -1.90532 -0.605292 1.33777 -0.620881 -0.0741985 -0.32757 1.64515 1.2335 0.550348 
-0.0505584 -0.123042 -0.386835 -1.9055 -0.609943 1.3489 -0.615113 -0.0733149 -0.322941 1.64886 1.22541 0.54457 
-0.0567541 -0.134627 -0.379623 -1.90566 -0.61451 1.35999 -0.609337 -0.0724022 -0.318339 1.65265 1.21727 0.538761 
-0.0629916 -0.146194 -0.372453 -1.90579 -0.618991 1.37107 -0.603554 -0.0714623 -0.313766 1.65653 1.20908 0.53292 
-0.0692716 -0.157742 -0.365324 -1.9059 -0.623388 1.38213 -0.597766 -0.0704972 -0.309222 1.66049 1.20084 0.527049 
-0.0755945 -0.169272 -0.358236 -1.90598 -0.627697 1.39316 -0.591971 -0.0695086 -0.30471 1.66454 1.19256 0.521148 
-0.0819611 -0.180785 -0.351188 -1.90604 -0.631919 1.40418 -0.586171 -0.0684985 -0.300232 1.66867 1.18423 0.515218 
-0.0883717 -0.192279 -0.344178 -1.90608 -0.636053 1.41517 -0.580367 -0.0674686 -0.295787 1.6729 1.17585 0.509259 
-0.094827 -0.203756 -0.337206 -1.90609 -0.640098 1.42615 -0.574558 -0.0664208 -0.291379 1.67721 1.16743 0.503272 
-0.101327 -0.215216 -0.330272 -1.90608 -0.644054 1.43711 -0.568746 -0.0653567 -0.287009 1.68161 1.15897 0.497257 
-0.107873 -0.226657 -0.323374 -1.90604 -0.647919 1.44805 -0.562931 -0.0642782 -0.282677 1.6861 1.15046 0.491215 
-0.114465 -0.238082 -0.316511 -1.90598 -0.651693 1.45897 -0.557113 -0.0631871 -0.278386 1.69069 1.14191 0.485146 
-0.121103 -0.249489 -0.309683 -1.9059 -0.655375 1.46988 -0.551293 -0.0620851 -0.274137 1.69536 1.13332 0.479051 
-0.127788 -0.260879 -0.302889 -1.90579 -0.658965 1.48076 -0.545472 -0.0609738 -0.269932 1.70013 1.12469 0.47293 
-0.13452 -0.272253 -0.296129 -1.90565 -0.662462 1.49164 -0.539649 -0.059855 -0.265771 1.70499 1.11603 0.466784 
-0.141299 -0.283609 -0.289401 -1.90549 -0.665865 1.50249 -0.533826 -0.0587303 -0.261657 1.70994 1.10732 0.460613 
-0.148125 -0.294947 -0.282705 -1.9053 -0.669174 1.51333 -0.528003 -0.0576013 -0.25759 1.71499 1.09857 0.454418 
