501
2.00393 0.00696104 -0.0137546
4.00738 0.0277551 -0.0550328
6.00989 0.0622455 -0.123849
8.01099 0.110291 -0.22021
10.0102 0.171747 -0.344111
12.0071 0.246465 -0.495539
14.0011 0.334292 -0.674474
15.9919 0.435071 -0.880884
17.9789 0.548642 -1.11473
19.9618 0.674842 -1.37596
21.9401 0.813504 -1.66452
23.9133 0.964457 -1.98035
25.8809 1.12753 -2.32337
27.8426 1.30254 -2.69349
29.798 1.48931 -3.09063
31.7465 1.68767 -3.51469
33.6878 1.89742 -3.96555
35.6215 2.11837 -4.44311
37.5471 2.35034 -4.94724
39.4643 2.59314 -5.47781
41.3726 2.84657 -6.03468
43.2717 3.11043 -6.6177
45.1611 3.38452 -7.22673
47.0405 3.66865 -7.8616
48.9095 3.96261 -8.52215
50.7678 4.2662 -9.20819
52.6149 4.57921 -9.91956
54.4506 4.90144 -10.6561
56.2745 5.23268 -11.4175
58.0862 5.57272 -12.2037
59.8854 5.92135 -13.0144
61.6718 6.27836 -13.8495
63.4451 6.64354 -14.7086
65.2049 7.01668 -15.5917
66.951 7.39757 -16.4984
68.683 7.78599 -17.4285
70.4007 8.18173 -18.3819
72.1038 8.58458 -19.3582
73.792 8.99433 -20.3572
75.4651 9.41076 -21.3787
77.1227 9.83366 -22.4223
78.7648 10.2628 -23.488
80.3909 10.698 -24.5753
82.0009 11.1391 -25.684
83.5946 11.5858 -26.8139
85.1717 12.0379 -27.9647
86.732 12.4952 -29.1362
88.2754 12.9575 -30.3279
89.8015 13.4246 -31.5398
91.3104 13.8963 -32.7714
92.8017 14.3724 -34.0225
94.2753 14.8527 -35.2928
95.7311 15.337 -36.5821
97.1688 15.825 -37.89
98.5884 16.3167 -39.2163
99.9897 16.8117 -40.5607
101.373 17.31 -41.9228
102.737 17.8113 -43.3025
104.083 18.3154 -44.6993
105.409 18.8221 -46.113
106.717 19.3312 -47.5433
108.006 19.8427 -48.99
109.276 20.3562 -50.4527
110.527 20.8716 -51.9311
111.759 21.3887 -53.425
112.971 21.9074 -54.934
114.164 22.4275 -56.4579
115.338 22.9488 -57.9964
116.492 23.4711 -59.5491
117.627 23.9943 -61.1158
118.742 24.5183 -62.6962
119.838 25.0428 -64.2901
120.914 25.5677 -65.8971
121.971 26.0928 -67.5169
123.008 26.618 -69.1493
124.025 27.1432 -70.794
125.023 27.6682 -72.4507
126.001 28.1929 -74.1191
126.96 28.7171 -75.799
127.899 29.2406 -77.4901
128.819 29.7635 -79.1921
129.719 30.2854 -80.9047
130.6 30.8063 -82.6278
131.461 31.3261 -84.3609
132.303 31.8447 -86.1039
133.126 32.3619 -87.8565
133.929 32.8776 -89.6185
134.714 33.3917 -91.3896
135.479 33.9041 -93.1694
136.225 34.4147 -94.9579
136.952 34.9233 -96.7548
137.66 35.43 -98.5597
138.349 35.9345 -100.373
139.02 36.4368 -102.193
139.672 36.9368 -104.021
140.305 37.4344 -105.856
140.92 37.9295 -107.698
141.516 38.422 -109.547
142.094 38.9119 -111.402
142.654 39.3991 -113.263
143.196 39.8835 -115.131
143.72 40.365 -117.004
144.225 40.8436 -118.884
144.713 41.3192 -120.768
145.184 41.7917 -122.658
145.637 42.261 -124.553
146.072 42.7272 -126.453
146.49 43.1902 -128.357
146.891 43.6498 -130.266
147.275 44.1061 -132.179
147.642 44.5591 -134.097
147.992 45.0086 -136.018
148.326 45.4546 -137.943
148.642 45.8971 -139.872
148.943 46.3361 -141.804
149.227 46.7715 -143.739
149.495 47.2032 -145.678
149.747 47.6314 -147.619
149.983 48.0558 -149.563
150.204 48.4766 -151.51
150.408 48.8937 -153.46
150.598 49.307 -155.411
150.772 49.7166 -157.365
150.93 50.1225 -159.321
151.074 50.5246 -161.279
151.203 50.9228 -163.239
151.317 51.3174 -165.201
151.417 51.7081 -167.164
151.502 52.095 -169.128
151.572 52.4781 -171.094
151.629 52.8575 -173.061
151.671 53.233 -175.029
151.699 53.6048 -176.998
151.714 53.9728 -178.968
151.715 54.3371 -180.938
151.703 54.6976 -182.91
151.677 55.0544 -184.882
151.638 55.4074 -186.854
151.586 55.7568 -188.826
151.521 56.1025 -190.799
151.444 56.4445 -192.772
151.353 56.7829 -194.746
151.25 57.1177 -196.719
151.135 57.4489 -198.692
151.008 57.7765 -200.665
150.868 58.1007 -202.637
150.717 58.4214 -204.61
150.553 58.7386 -206.582
150.378 59.0524 -208.553
150.192 59.3628 -210.524
149.994 59.6699 -212.495
149.785 59.9737 -214.464
149.564 60.2743 -216.434
149.333 60.5716 -218.402
149.091 60.8658 -220.369
148.838 61.1569 -222.336
148.574 61.4449 -224.301
148.3 61.7299 -226.266
148.015 62.0119 -228.23
147.72 62.2911 -230.192
147.415 62.5673 -232.153
147.1 62.8408 -234.113
146.775 63.1115 -236.072
146.441 63.3796 -238.03
146.096 63.645 -239.986
145.743 63.9079 -241.941
145.379 64.1683 -243.895
145.007 64.4262 -245.847
144.625 64.6818 -247.797
144.234 64.9351 -249.746
143.834 65.1861 -251.694
143.425 65.435 -253.64
143.008 65.6818 -255.584
142.582 65.9265 -257.527
142.147 66.1693 -259.468
141.704 66.4102 -261.408
141.252 66.6493 -263.346
140.793 66.8867 -265.282
140.325 67.1224 -267.216
139.849 67.3565 -269.149
139.365 67.5891 -271.079
138.873 67.8203 -273.008
138.374 68.0502 -274.935
137.866 68.2788 -276.861
137.352 68.5062 -278.784
136.829 68.7325 -280.705
136.3 68.9578 -282.625
135.763 69.1822 -284.543
135.219 69.4057 -286.458
134.667 69.6285 -288.372
134.109 69.8506 -290.284
133.543 70.0721 -292.194
132.971 70.2931 -294.101
132.392 70.5138 -296.007
131.806 70.7341 -297.911
131.213 70.9541 -299.813
130.614 71.1741 -301.712
130.008 71.394 -303.61
129.396 71.6139 -305.505
128.777 71.834 -307.399
128.152 72.0544 -309.29
127.521 72.2751 -311.179
126.884 72.4962 -313.066
126.24 72.7178 -314.951
125.59 72.9401 -316.834
124.935 73.1631 -318.714
124.273 73.387 -320.593
123.606 73.6117 -322.469
122.932 73.8375 -324.343
122.253 74.0644 -326.214
121.568 74.2925 -328.084
120.878 74.5219 -329.951
120.181 74.7528 -331.816
119.48 74.9852 -333.679
118.772 75.2192 -335.539
118.059 75.455 -337.397
117.341 75.6926 -339.253
116.617 75.9321 -341.106
115.888 76.1737 -342.957
115.154 76.4174 -344.806
114.414 76.6634 -346.652
113.67 76.9118 -348.496
112.92 77.1626 -350.337
112.164 77.4161 -352.176
111.404 77.6722 -354.012
110.638 77.9311 -355.846
109.868 78.1928 -357.678
109.092 78.4576 -359.506
108.312 78.7256 -361.333
107.526 78.9967 -363.156
106.736 79.2712 -364.977
105.94 79.5491 -366.795
105.14 79.8306 -368.611
104.335 80.1157 -370.424
103.525 80.4046 -372.234
102.71 80.6974 -374.041
101.891 80.9942 -375.846
101.066 81.2951 -377.647
100.237 81.6002 -379.446
99.4032 81.9097 -381.242
98.5645 82.2235 -383.035
97.7212 82.5419 -384.825
96.8732 82.865 -386.611
96.0205 83.1928 -388.395
95.1632 83.5256 -390.176
94.3012 83.8633 -391.953
93.4345 84.2061 -393.727
92.5633 84.5541 -395.498
91.6874 84.9074 -397.265
90.8069 85.2662 -399.029
89.9218 85.6305 -400.79
89.0321 86.0005 -402.547
88.1378 86.3762 -404.301
87.2389 86.7579 -406.051
86.3355 87.1455 -407.797
85.4275 87.5391 -409.54
84.5149 87.939 -411.278
83.5978 88.3453 -413.013
82.6761 88.7579 -414.744
81.7499 89.177 -416.471
80.8191 89.6028 -418.194
79.8837 90.0354 -419.913
78.9438 90.4748 -421.627
77.9993 90.9211 -423.338
77.0503 91.3745 -425.043
76.0967 91.8351 -426.745
75.1385 92.303 -428.442
74.1758 92.7782 -430.134
73.2085 93.261 -431.821
72.2367 93.7513 -433.504
71.2603 94.2493 -435.181
70.2793 94.7551 -436.854
69.2937 95.2688 -438.522
68.3035 95.7905 -440.184
67.3088 96.3202 -441.841
66.3095 96.8582 -443.493
65.3055 97.4044 -445.139
64.297 97.9591 -446.779
63.2839 98.5222 -448.414
62.2661 99.0939 -450.043
61.2438 99.6742 -451.666
60.2168 100.263 -453.283
59.1851 100.861 -454.894
58.1489 101.468 -456.498
57.108 102.084 -458.096
56.0625 102.709 -459.687
55.0123 103.343 -461.272
53.9575 103.987 -462.849
52.898 104.64 -464.42
51.8338 105.302 -465.984
50.765 105.974 -467.54
49.6915 106.655 -469.089
48.6133 107.347 -470.631
47.5305 108.047 -472.164
46.443 108.758 -473.69
45.3507 109.479 -475.208
44.2538 110.209 -476.718
43.1523 110.95 -478.219
42.046 111.701 -479.712
40.9351 112.462 -481.196
39.8194 113.233 -482.671
38.6991 114.014 -484.138
37.5741 114.806 -485.595
36.4444 115.608 -487.043
35.31 116.42 -488.481
34.171 117.243 -489.91
33.0273 118.077 -491.329
31.8789 118.921 -492.738
30.7259 119.776 -494.136
29.5682 120.641 -495.525
28.4059 121.517 -496.902
27.2389 122.404 -498.269
26.0674 123.301 -499.624
24.8912 124.21 -500.969
23.7104 125.129 -502.302
22.5251 126.059 -503.623
21.3352 127 -504.933
20.1407 127.951 -506.231
18.9417 128.914 -507.516
17.7383 129.887 -508.789
16.5303 130.871 -510.049
15.3179 131.866 -511.296
14.101 132.872 -512.531
12.8797 133.889 -513.752
11.6541 134.917 -514.959
10.424 135.955 -516.153
9.1897 137.005 -517.332
7.95107 138.065 -518.497
6.70818 139.135 -519.648
5.46108 140.217 -520.785
4.20979 141.309 -521.906
2.95436 142.412 -523.012
1.69483 143.526 -524.103
0.431245 144.65 -525.178
-0.836348 145.784 -526.237
-2.1079 146.929 -527.28
-3.38337 148.084 -528.307
-4.66269 149.25 -529.317
-5.94581 150.426 -530.311
-7.23268 151.612 -531.287
-8.52324 152.808 -532.246
-9.81743 154.014 -533.188
-11.1152 155.23 -534.112
-12.4164 156.456 -535.017
-13.7211 157.692 -535.905
-15.0291 158.937 -536.773
-16.3404 160.191 -537.623
-17.655 161.455 -538.454
-18.9726 162.728 -539.266
-20.2933 164.01 -540.058
-21.617 165.302 -540.831
-22.9435 166.602 -541.583
-24.2729 167.91 -542.316
-25.6049 169.227 -543.027
-26.9396 170.553 -543.718
-28.2767 171.887 -544.389
-29.6163 173.229 -545.037
-30.9582 174.578 -545.665
-32.3023 175.936 -546.271
-33.6485 177.301 -546.854
-34.9966 178.673 -547.416
-36.3467 180.052 -547.956
-37.6985 181.438 -548.472
-39.052 182.831 -548.966
-40.407 184.231 -549.437
-41.7634 185.636 -549.885
-43.121 187.048 -550.309
-44.4799 188.465 -550.71
-45.8397 189.888 -551.086
-47.2004 191.317 -551.439
-48.5619 192.75 -551.767
-49.9239 194.188 -552.071
-51.2865 195.631 -552.35
-52.6493 197.078 -552.604
-54.0123 198.529 -552.833
-55.3754 199.984 -553.037
-56.7383 201.442 -553.215
-58.1009 202.904 -553.368
-59.4631 204.368 -553.495
-60.8247 205.835 -553.596
-62.1856 207.304 -553.671
-63.5455 208.775 -553.72
-64.9043 210.248 -553.743
-66.2619 211.722 -553.739
-67.618 213.197 -553.708
-68.9725 214.673 -553.651
-70.3253 216.149 -553.566
-71.6761 217.625 -553.455
-73.0248 219.101 -553.316
-74.3711 220.576 -553.151
-75.715 222.05 -552.958
-77.0562 223.523 -552.737
-78.3945 224.994 -552.49
-79.7297 226.463 -552.214
-81.0618 227.929 -551.911
-82.3904 229.392 -551.581
-83.7153 230.852 -551.222
-85.0365 232.309 -550.836
-86.3536 233.762 -550.423
-87.6665 235.21 -549.981
-88.9751 236.653 -549.512
-90.279 238.091 -549.015
-91.5782 239.524 -548.49
-92.8723 240.951 -547.937
-94.1613 242.371 -547.357
-95.4448 243.785 -546.749
-96.7228 245.192 -546.113
-97.995 246.591 -545.45
-99.2612 247.982 -544.759
-100.521 249.365 -544.04
-101.775 250.739 -543.294
-103.022 252.104 -542.521
-104.262 253.459 -541.721
-105.495 254.805 -540.893
-106.721 256.14 -540.039
-107.94 257.464 -539.157
-109.151 258.777 -538.249
-110.355 260.079 -537.315
-111.55 261.369 -536.353
-112.737 262.646 -535.366
-113.916 263.911 -534.353
-115.086 265.162 -533.313
-116.248 266.4 -532.248
-117.401 267.624 -531.158
-118.544 268.834 -530.042
-119.678 270.029 -528.901
-120.803 271.209 -527.736
-121.918 272.373 -526.545
-123.024 273.522 -525.331
-124.119 274.654 -524.092
-125.204 275.77 -522.83
-126.279 276.869 -521.544
-127.343 277.95 -520.235
-128.397 279.014 -518.903
-129.44 280.06 -517.549
-130.471 281.087 -516.172
-131.492 282.096 -514.773
-132.501 283.085 -513.352
-133.499 284.056 -511.911
-134.486 285.006 -510.448
-135.46 285.937 -508.965
-136.423 286.847 -507.461
-137.374 287.737 -505.938
-138.312 288.606 -504.395
-139.238 289.453 -502.833
-140.152 290.279 -501.252
-141.054 291.083 -499.653
-141.943 291.865 -498.037
-142.819 292.625 -496.402
-143.682 293.363 -494.751
-144.533 294.077 -493.083
-145.37 294.768 -491.399
-146.194 295.436 -489.698
-147.005 296.081 -487.983
-147.803 296.702 -486.253
-148.587 297.299 -484.508
-149.358 297.872 -482.749
-150.116 298.42 -480.977
-150.86 298.944 -479.191
-151.59 299.443 -477.393
-152.307 299.917 -475.583
-153.01 300.367 -473.761
-153.699 300.791 -471.927
-154.374 301.19 -470.083
-155.036 301.564 -468.229
-155.684 301.911 -466.365
-156.317 302.234 -464.491
-156.937 302.53 -462.608
-157.543 302.801 -460.717
-158.135 303.046 -458.819
-158.713 303.265 -456.912
-159.277 303.457 -454.999
-159.827 303.624 -453.079
-160.363 303.764 -451.153
-160.886 303.879 -449.222
-161.394 303.966 -447.286
-161.889 304.028 -445.345
-162.369 304.063 -443.399
-162.836 304.073 -441.451
-163.289 304.055 -439.499
-163.728 304.012 -437.544
-164.154 303.942 -435.587
-164.566 303.846 -433.628
-164.964 303.724 -431.668
-165.349 303.576 -429.707
-165.72 303.401 -427.745
-166.078 303.201 -425.783
-166.422 302.974 -423.822
-166.753 302.722 -421.862
-167.071 302.444 -419.903
-167.376 302.14 -417.946
-167.668 301.811 -415.991
-167.947 301.456 -414.038
-168.213 301.075 -412.089
-168.466 300.67 -410.143
-168.707 300.239 -408.2
-168.934 299.783 -406.262
-169.15 299.302 -404.329
-169.353 298.797 -402.4
-169.544 298.267 -400.477

